

[4.55267301e+01 8.27125702e-01 2.69150738e-01 1.93465252e-09
 1.19961693e+00][10687796.51627807 10692774.85269196 10680276.81685829 10665305.91441324
 10657509.31790379 10585036.90591441 10333581.21144253  9350288.06418427
  7226750.5366742   4378133.07674124]

[9.90833168e+01 4.01548101e-01 1.95413246e-01 1.24057456e-09
 8.51346863e-01][ 2592.31979317  4252.90913301  6912.53343837 11003.24566051
 16743.32563325 22972.57156276 24196.59808577 11982.82725353
  1447.40263087   280.90596185][ 1158.42068085  1900.4274414   3088.76003494  4915.29274585
  7472.60676782 10231.94790208 10722.25824791  5296.92659449
   779.40619757   123.32218808]